========== INPUT ==========

tensor([[24, 43, 58,  5, 57,  1, 46, 43],
        [44, 53, 56,  1, 58, 46, 39, 58],
        [52, 58,  1, 58, 46, 39, 58,  1],
        [25, 17, 27, 10,  0, 21,  1, 54],
        [57, 43, 60, 43, 52,  1, 63, 43],
        [60, 43, 42,  8,  0, 25, 63,  1],
        [56, 42,  5, 57,  1, 57, 39, 49],
        [43, 57, 58, 63,  6,  1, 58, 46],
        [43,  1, 51, 39, 63,  1, 40, 43],
        [58, 46, 43,  1, 43, 39, 56, 57],
        [39, 58, 47, 53, 52, 12,  1, 37],
        [53, 56, 43,  1, 21,  1, 41, 39],
        [50, 39, 52, 63,  1, 47, 58, 57],
        [56, 53, 63,  1, 42, 47, 42,  1],
        [39, 51,  1, 39, 44, 56, 39, 47],
        [17, 24, 21, 38, 13, 14, 17, 32],
        [ 1, 39, 52, 42,  1, 45, 43, 50],
        [ 1, 58, 46, 39, 58,  1, 42, 53],
        [ 1, 61, 53, 59, 50, 42,  1, 21],
        [59, 57, 40, 39, 52, 42,  1, 40],
        [52, 42,  8,  0,  0, 23, 21, 26],
        [45, 53, 42, 57,  0, 23, 43, 43],
        [52,  1, 61, 39, 57,  1, 51, 53],
        [39, 49, 12,  1, 27,  1, 58, 56],
        [53, 44,  1, 57, 54, 43, 43, 41],
        [57, 53, 52, 57,  8,  0,  0, 25],
        [ 1, 42, 43, 44, 43, 41, 58,  1],
        [21,  1, 61, 39, 52, 42, 43, 56],
        [43, 43, 51,  5, 42,  1, 40, 59],
        [45, 50, 63,  1, 52, 53, 61, 12],
        [52, 53, 58,  8,  0, 25, 63,  1],
        [53, 58,  6,  1, 51, 63,  1, 50]])

Shape x : torch.Size([32, 8])

========== TARGET ==========

tensor([[43, 58,  5, 57,  1, 46, 43, 39],
        [53, 56,  1, 58, 46, 39, 58,  1],
        [58,  1, 58, 46, 39, 58,  1, 46],
        [17, 27, 10,  0, 21,  1, 54, 39],
        [43, 60, 43, 52,  1, 63, 43, 39],
        [43, 42,  8,  0, 25, 63,  1, 45],
        [42,  5, 57,  1, 57, 39, 49, 43],
        [57, 58, 63,  6,  1, 58, 46, 47],
        [ 1, 51, 39, 63,  1, 40, 43,  1],
        [46, 43,  1, 43, 39, 56, 57, 10],
        [58, 47, 53, 52, 12,  1, 37, 53],
        [56, 43,  1, 21,  1, 41, 39, 51],
        [39, 52, 63,  1, 47, 58, 57, 43],
        [53, 63,  1, 42, 47, 42,  1, 57],
        [51,  1, 39, 44, 56, 39, 47, 42],
        [24, 21, 38, 13, 14, 17, 32, 20],
        [39, 52, 42,  1, 45, 43, 50, 42],
        [58, 46, 39, 58,  1, 42, 53,  1],
        [61, 53, 59, 50, 42,  1, 21,  1],
        [57, 40, 39, 52, 42,  1, 40, 47],
        [42,  8,  0,  0, 23, 21, 26, 19],
        [53, 42, 57,  0, 23, 43, 43, 54],
        [ 1, 61, 39, 57,  1, 51, 53, 56],
        [49, 12,  1, 27,  1, 58, 56, 39],
        [44,  1, 57, 54, 43, 43, 41, 46],
        [53, 52, 57,  8,  0,  0, 25, 17],
        [42, 43, 44, 43, 41, 58,  1, 53],
        [ 1, 61, 39, 52, 42, 43, 56,  6],
        [43, 51,  5, 42,  1, 40, 59, 56],
        [50, 63,  1, 52, 53, 61, 12,  0],
        [53, 58,  8,  0, 25, 63,  1, 61],
        [58,  6,  1, 51, 63,  1, 50, 53]])

Shape y : torch.Size([32, 8])